PBO Station Position Time Series. Reference Frame : Unknown										
Format Version: 1.1.0										
4-character ID: PALP										
Station name  : PALP_GPS        										
First Epoch   : 20100102 115900										
Last Epoch    : 20190907 115900										
Release Date  : 20200121 081140										
XYZ Reference position :  -3179627.48524  5528294.98663  -101263.11217 (Unknown)										
Start Field Description										
YYYYMMDD      Year, month, day for the given position epoch										
dN            Difference in North component from NEU reference position, meters										
dE            Difference in East component from NEU reference position, meters										
du            Difference in vertical component from NEU reference position, meters										
Sn            Standard deviation of dN, meters										
Se            Standard deviation of dE, meters										
Su            Standard deviation of dU, meters										
Rne           Correlation of dN and dE										
Rnu           Correlation of dN and dU										
Reu           Correlation of dEand dU										
"Soln          ""rapid"", ""final"", ""suppl/suppf"", ""campd"", or ""repro"" corresponding to products  generated with rapid or final orbit products, in supplemental processing, campaign data processing or reprocessing"										
End Field Description										
*YYYYMMDD	dN	dE	dU	Sn	Se	Su	Rne	Rnu	Reu	Soln
20181001	209.907	-0.27188	-0.13639	0.00293	0.00369	0.01273	-0.046	0.046	0.034	daily
20181002	209.868	-0.27475	-0.14006	0.00342	0.00433	0.01574	-0.057	0.072	-0.037	daily
20181003	209.504	-0.27920	-0.13826	0.00285	0.00362	0.01233	-0.043	0.057	0.050	daily
20181004	209.825	-0.27153	-0.15724	0.00316	0.00411	0.01467	-0.056	0.004	0.013	daily
20181005	209.523	-0.27393	-0.14614	0.00286	0.00346	0.01175	-0.021	0.045	-0.035	daily
20181006	209.448	-0.27518	-0.14976	0.00354	0.00441	0.01588	-0.063	0.041	0.006	daily
20181007	209.493	-0.27354	-0.14577	0.00332	0.00419	0.01474	-0.025	0.095	-0.064	daily
20181008	209.732	-0.27572	-0.14215	0.00271	0.00319	0.01138	-0.046	0.018	-0.019	daily
20181009	209.315	-0.27883	-0.13218	0.00269	0.00319	0.01151	-0.036	0.034	-0.050	daily
20181010	209.777	-0.27543	-0.13895	0.00287	0.00348	0.01223	-0.059	0.030	0.014	daily
20181011	209.495	-0.27399	-0.14330	0.00277	0.00331	0.01131	-0.056	0.050	-0.005	daily
20181012	209.362	-0.27509	-0.14518	0.00252	0.00305	0.01069	-0.059	0.051	0.013	daily
20181013	209.003	-0.27624	-0.12719	0.00287	0.00359	0.01257	-0.041	0.049	-0.100	daily
20181014	209.819	-0.27280	-0.13096	0.00265	0.00326	0.01134	-0.081	0.038	-0.030	daily
20181015	209.223	-0.27758	-0.12889	0.00255	0.00316	0.01072	-0.065	0.028	-0.054	daily
20181016	209.171	-0.27826	-0.13278	0.00273	0.00340	0.01131	-0.054	0.018	-0.042	daily
20181017	209.627	-0.27504	-0.12471	0.00317	0.00406	0.01354	-0.017	-0.013	0.036	daily
20181018	209.317	-0.27160	-0.15093	0.00318	0.00386	0.01375	-0.063	0.051	-0.054	daily
20181019	209.354	-0.27307	-0.14347	0.00297	0.00375	0.01293	-0.042	0.033	-0.069	daily
20181020	209.314	-0.27554	-0.13475	0.00236	0.00321	0.00999	-0.138	0.018	-0.016	daily
20181021	209.344	-0.27474	-0.13544	0.00251	0.00326	0.01067	-0.056	0.012	-0.085	daily
20181022	209.188	-0.27374	-0.14184	0.00256	0.00336	0.01096	-0.057	0.025	-0.047	daily
20181023	209.212	-0.27547	-0.15082	0.00248	0.00322	0.01050	-0.016	-0.041	-0.054	daily
20181024	209.156	-0.27182	-0.13966	0.00286	0.00400	0.01296	-0.074	-0.061	-0.031	daily
20181025	208.929	-0.27135	-0.13717	0.00268	0.00386	0.01071	-0.103	-0.043	0.029	daily
20181026	209.177	-0.27011	-0.14321	0.00262	0.00345	0.01101	-0.028	-0.001	-0.021	daily
20181027	209.099	-0.27595	-0.14499	0.00231	0.00307	0.00960	-0.064	0.030	-0.048	daily
20181028	208.890	-0.27532	-0.12905	0.00277	0.00368	0.01151	-0.037	0.033	-0.075	daily
20181029	209.019	-0.27116	-0.13887	0.00264	0.00391	0.01045	-0.076	-0.006	-0.047	daily
20181030	208.949	-0.27244	-0.13401	0.00282	0.00380	0.01184	-0.027	0.030	-0.009	daily
20181031	209.033	-0.27694	-0.13490	0.00311	0.00390	0.01346	-0.056	0.065	-0.005	daily
20181101	209.300	-0.27602	-0.13775	0.00300	0.00397	0.01275	-0.041	-0.011	-0.091	daily
20181102	209.158	-0.27684	-0.15725	0.00299	0.00381	0.01235	-0.051	0.014	-0.006	daily
20181103	209.327	-0.27692	-0.12696	0.00268	0.00336	0.01105	-0.062	0.034	-0.017	daily
20181104	209.540	-0.27571	-0.14418	0.00245	0.00295	0.00925	-0.054	0.002	-0.089	daily
20181105	209.151	-0.27452	-0.14172	0.00267	0.00342	0.01132	-0.078	0.029	-0.040	daily
20181106	208.920	-0.27869	-0.13944	0.00379	0.00493	0.01723	-0.062	0.067	0.001	daily
20181107	209.112	-0.27068	-0.14223	0.00281	0.00385	0.01155	-0.032	0.044	-0.091	daily
20181108	209.205	-0.27832	-0.14897	0.00323	0.00417	0.01396	-0.068	0.107	-0.072	daily
20181109	209.081	-0.27232	-0.14609	0.00293	0.00374	0.01262	-0.039	0.098	0.036	daily
20181110	208.710	-0.27517	-0.14321	0.00256	0.00380	0.01035	-0.161	0.050	-0.017	daily
20181111	209.035	-0.27539	-0.13712	0.00230	0.00299	0.00910	-0.039	0.054	-0.084	daily
20181112	209.006	-0.27485	-0.13660	0.00246	0.00321	0.01012	-0.096	0.035	0.032	daily
20181113	209.349	-0.27113	-0.14904	0.00259	0.00332	0.01069	-0.054	0.029	0.046	daily
20181114	209.306	-0.27172	-0.13508	0.00277	0.00356	0.01180	-0.047	0.064	-0.009	daily
20181115	209.584	-0.28014	-0.13728	0.00322	0.00398	0.01404	-0.081	0.021	0.015	daily
20181116	209.512	-0.27465	-0.13609	0.00291	0.00354	0.01231	-0.032	0.063	0.040	daily
20181117	209.209	-0.27367	-0.14390	0.00249	0.00337	0.01024	0.027	0.024	-0.026	daily
20181118	209.089	-0.27572	-0.13853	0.00242	0.00323	0.01020	-0.022	0.039	0.015	daily
20181119	209.136	-0.27691	-0.13909	0.00244	0.00310	0.01000	0.004	0.051	-0.006	daily
20181120	209.226	-0.27721	-0.13682	0.00248	0.00305	0.01002	-0.038	0.042	-0.027	daily
20181121	209.200	-0.27465	-0.13059	0.00264	0.00332	0.01121	-0.052	0.042	0.047	daily
20181122	209.218	-0.27746	-0.14286	0.00252	0.00349	0.01049	-0.031	0.046	0.116	daily
20181123	209.283	-0.27693	-0.12847	0.00271	0.00328	0.01139	-0.046	0.068	0.067	daily
20181124	209.224	-0.27606	-0.13651	0.00239	0.00308	0.00975	-0.090	0.071	-0.034	daily
20181125	208.969	-0.27592	-0.13786	0.00229	0.00319	0.00908	0.001	0.018	0.079	daily
20181126	208.926	-0.27574	-0.13933	0.00231	0.00303	0.00942	-0.034	0.022	0.081	daily
20181127	209.242	-0.27327	-0.13353	0.00250	0.00314	0.01015	-0.023	-0.010	0.020	daily
20181128	209.308	-0.27284	-0.13115	0.00321	0.00405	0.01375	-0.007	0.035	0.015	daily
20181129	209.347	-0.27017	-0.14270	0.00271	0.00348	0.01123	-0.020	0.006	0.034	daily
20181130	209.438	-0.27191	-0.13985	0.00270	0.00357	0.01121	-0.050	0.004	-0.002	daily
20181201	209.319	-0.27479	-0.13915	0.00231	0.00325	0.00930	0.013	0.015	0.043	daily
20181202	209.448	-0.27306	-0.14104	0.00272	0.00347	0.01097	-0.074	-0.036	0.013	daily
20181203	209.654	-0.27365	-0.13951	0.00248	0.00318	0.00993	-0.059	-0.018	0.050	daily
20181204	209.345	-0.27444	-0.14580	0.00296	0.00369	0.01276	-0.038	0.016	0.026	daily
20181205	209.320	-0.27521	-0.13986	0.00290	0.00366	0.01272	-0.077	0.025	0.029	daily
20181206	209.326	-0.27023	-0.14517	0.00311	0.00395	0.01328	-0.028	0.077	0.024	daily
20181207	208.916	-0.27704	-0.15596	0.00307	0.00394	0.01343	-0.011	0.058	0.061	daily
20181208	209.446	-0.27366	-0.14993	0.00266	0.00342	0.01106	-0.048	-0.013	-0.014	daily
20181209	209.492	-0.27520	-0.14335	0.00251	0.00302	0.00952	-0.043	0.022	-0.025	daily
20181210	209.360	-0.27530	-0.14875	0.00257	0.00332	0.01070	-0.030	0.023	0.019	daily
20181211	209.424	-0.27670	-0.13856	0.00245	0.00306	0.01005	-0.024	0.056	-0.029	daily
20181212	209.566	-0.27758	-0.13540	0.00230	0.00293	0.00923	-0.004	0.056	0.001	daily
20181213	209.438	-0.27508	-0.13909	0.00264	0.00348	0.01085	-0.024	-0.055	0.074	daily
20181214	209.602	-0.27194	-0.14297	0.00287	0.00366	0.01196	-0.028	-0.011	0.033	daily
20181215	209.130	-0.27315	-0.14916	0.00249	0.00324	0.01035	-0.098	-0.021	0.079	daily
20181216	209.451	-0.27234	-0.14265	0.00247	0.00343	0.00987	-0.053	-0.050	0.067	daily
20181217	209.525	-0.27641	-0.15254	0.00227	0.00299	0.00902	-0.029	0.053	0.035	daily
20181218	209.381	-0.27204	-0.14438	0.00226	0.00303	0.00896	-0.123	0.005	0.067	daily
20181219	209.264	-0.27606	-0.14976	0.00224	0.00295	0.00904	-0.028	-0.021	-0.003	daily
20181220	209.287	-0.27469	-0.15594	0.00240	0.00317	0.00992	-0.056	0.050	0.040	daily
20181221	209.315	-0.27600	-0.13930	0.00243	0.00307	0.01016	-0.011	0.021	-0.009	daily
20181222	209.392	-0.27352	-0.13847	0.00251	0.00336	0.00959	-0.077	-0.004	0.055	daily
20181223	209.214	-0.27398	-0.14510	0.00244	0.00316	0.00980	-0.092	-0.013	-0.072	daily
20181224	209.277	-0.27469	-0.14691	0.00248	0.00313	0.00980	-0.042	-0.004	-0.031	daily
20181225	209.113	-0.27284	-0.14048	0.00251	0.00313	0.00942	-0.071	0.073	-0.070	daily
20181226	209.367	-0.27527	-0.14204	0.00237	0.00312	0.00974	-0.020	-0.050	0.088	daily
20181227	209.234	-0.27648	-0.13640	0.00249	0.00313	0.01007	-0.050	0.042	0.018	daily
20181228	209.301	-0.27530	-0.13348	0.00251	0.00314	0.01034	-0.036	0.026	0.007	daily
20181229	209.196	-0.26534	-0.14001	0.00320	0.00408	0.01360	-0.058	0.045	-0.002	daily
20181230	209.267	-0.27371	-0.13863	0.00242	0.00301	0.00972	-0.046	0.028	0.008	daily
20181231	209.233	-0.27523	-0.14497	0.00250	0.00297	0.01025	-0.049	0.042	-0.000	daily
20190101	209.392	-0.27291	-0.14360	0.00230	0.00278	0.00908	-0.057	0.015	0.047	daily
20190102	209.229	-0.27389	-0.15217	0.00219	0.00273	0.00845	-0.055	0.014	-0.010	daily
20190103	209.332	-0.27214	-0.14217	0.00235	0.00290	0.00923	-0.059	0.017	-0.015	daily
20190104	209.174	-0.27016	-0.15276	0.00253	0.00303	0.00962	-0.064	0.005	0.016	daily
20190105	209.146	-0.27019	-0.15063	0.00276	0.00326	0.01103	-0.059	0.028	0.016	daily
20190106	209.427	-0.27476	-0.14264	0.00288	0.00347	0.01151	-0.019	0.027	-0.036	daily
20190107	208.735	-0.26973	-0.14971	0.00279	0.00338	0.01154	-0.049	0.056	-0.014	daily
20190108	209.299	-0.27345	-0.14655	0.00270	0.00332	0.01100	-0.042	0.007	0.010	daily
20190109	209.058	-0.27157	-0.13859	0.00283	0.00339	0.01146	-0.048	0.025	0.002	daily
20190110	209.389	-0.27150	-0.15277	0.00294	0.00342	0.01182	-0.046	0.016	0.003	daily
20190111	209.155	-0.26995	-0.13380	0.00243	0.00299	0.00942	-0.067	0.005	-0.040	daily
20190112	209.332	-0.27005	-0.14349	0.00228	0.00271	0.00835	-0.071	0.036	-0.047	daily
20190113	209.163	-0.27207	-0.13088	0.00288	0.00347	0.01166	-0.054	0.027	0.007	daily
20190114	208.812	-0.27409	-0.15207	0.00228	0.00273	0.00894	-0.041	0.045	-0.024	daily
20190115	209.183	-0.27193	-0.14548	0.00216	0.00268	0.00778	-0.127	0.037	0.013	daily
20190116	209.218	-0.26999	-0.14666	0.00237	0.00291	0.00892	-0.054	0.045	-0.051	daily
20190117	209.216	-0.27368	-0.14700	0.00218	0.00257	0.00821	-0.056	0.045	-0.050	daily
20190118	209.105	-0.26966	-0.14308	0.00227	0.00275	0.00868	-0.049	0.010	-0.057	daily
20190119	209.524	-0.27454	-0.13635	0.00234	0.00271	0.00878	-0.079	0.099	-0.051	daily
20190120	209.431	-0.27282	-0.14192	0.00244	0.00297	0.00896	-0.091	0.061	-0.021	daily
20190121	208.989	-0.27306	-0.13604	0.00288	0.00348	0.01124	-0.049	0.082	0.001	daily
20190122	209.303	-0.27099	-0.14156	0.00242	0.00291	0.00915	-0.070	0.093	-0.049	daily
20190123	209.198	-0.27075	-0.14020	0.00228	0.00273	0.00898	-0.068	0.044	0.014	daily
20190124	209.509	-0.27257	-0.15023	0.00230	0.00299	0.00890	-0.087	0.087	-0.076	daily
20190125	209.197	-0.27232	-0.14702	0.00231	0.00270	0.00885	-0.077	0.036	0.010	daily
20190126	209.225	-0.26960	-0.14985	0.00227	0.00284	0.00849	-0.055	0.113	-0.018	daily
20190127	209.384	-0.27190	-0.14077	0.00227	0.00277	0.00820	-0.065	0.070	-0.038	daily
20190128	209.332	-0.27118	-0.14515	0.00226	0.00274	0.00830	-0.071	0.056	-0.008	daily
20190129	209.267	-0.27162	-0.14751	0.00224	0.00284	0.00844	-0.065	0.020	0.018	daily
20190130	209.213	-0.27444	-0.14446	0.00222	0.00282	0.00826	-0.077	0.100	-0.029	daily
20190131	209.271	-0.27300	-0.14242	0.00256	0.00306	0.00982	-0.064	0.074	0.003	daily
20190201	209.229	-0.27104	-0.14496	0.00212	0.00278	0.00817	-0.047	0.070	0.097	daily
20190202	209.339	-0.27285	-0.14196	0.00236	0.00283	0.00898	-0.047	0.040	-0.042	daily
20190203	209.483	-0.27471	-0.14902	0.00236	0.00281	0.00925	-0.053	0.068	0.027	daily
20190204	209.364	-0.27039	-0.14820	0.00250	0.00295	0.01024	-0.032	0.054	-0.034	daily
20190205	209.028	-0.27156	-0.14952	0.00225	0.00267	0.00863	-0.048	0.065	-0.019	daily
20190206	209.563	-0.27235	-0.14264	0.00251	0.00312	0.00959	-0.043	0.027	-0.080	daily
20190207	209.354	-0.27112	-0.13895	0.00250	0.00308	0.00959	-0.028	0.027	-0.078	daily
20190208	209.125	-0.26976	-0.13765	0.00312	0.00378	0.01257	-0.019	0.008	-0.078	daily
20190209	209.175	-0.26852	-0.14292	0.00288	0.00338	0.01032	-0.054	-0.016	-0.104	daily
20190210	209.668	-0.26831	-0.14185	0.00257	0.00333	0.00950	-0.047	-0.004	-0.110	daily
20190211	209.492	-0.26872	-0.14230	0.00263	0.00329	0.00993	-0.066	0.016	-0.105	daily
20190212	209.021	-0.27207	-0.14026	0.00249	0.00300	0.00915	-0.023	0.019	-0.072	daily
20190213	209.358	-0.27150	-0.13756	0.00283	0.00351	0.01087	-0.020	0.031	-0.063	daily
20190214	209.297	-0.27012	-0.14097	0.00298	0.00356	0.01109	-0.028	0.000	-0.103	daily
20190215	209.043	-0.26779	-0.13376	0.00263	0.00318	0.00959	-0.049	0.006	-0.058	daily
20190216	209.207	-0.26970	-0.14724	0.00261	0.00324	0.00958	-0.032	0.001	-0.073	daily
20190217	209.648	-0.27095	-0.14337	0.00320	0.00392	0.01226	-0.051	-0.004	-0.013	daily
20190218	209.439	-0.27199	-0.14320	0.00339	0.00412	0.01314	0.005	0.049	-0.064	daily
20190219	209.200	-0.26839	-0.14396	0.00291	0.00341	0.01040	-0.008	-0.034	-0.090	daily
20190220	209.197	-0.27198	-0.14402	0.00257	0.00300	0.00861	-0.011	-0.032	-0.084	daily
20190221	209.066	-0.26974	-0.14879	0.00251	0.00304	0.00902	-0.048	0.033	-0.123	daily
20190222	209.384	-0.26862	-0.14015	0.00280	0.00363	0.01082	-0.029	0.027	-0.104	daily
20190223	209.229	-0.26904	-0.14406	0.00259	0.00333	0.00931	-0.056	0.015	-0.141	daily
20190224	209.459	-0.27245	-0.14147	0.00330	0.00406	0.01289	-0.040	0.036	-0.110	daily
20190225	209.166	-0.27055	-0.14769	0.00284	0.00351	0.01111	-0.013	0.054	-0.053	daily
20190226	209.208	-0.27203	-0.13453	0.00313	0.00392	0.01238	-0.033	0.004	-0.136	daily
20190227	209.079	-0.27000	-0.14079	0.00248	0.00313	0.00922	-0.055	0.018	-0.066	daily
20190228	208.965	-0.27247	-0.13092	0.00293	0.00377	0.01151	-0.036	0.030	-0.072	daily
20190301	209.031	-0.27142	-0.14624	0.00225	0.00295	0.00832	-0.047	0.033	-0.105	daily
20190302	209.258	-0.27343	-0.15216	0.00252	0.00329	0.00994	-0.054	0.063	-0.108	daily
20190303	209.061	-0.26815	-0.15828	0.00297	0.00373	0.01189	-0.005	0.078	-0.060	daily
20190304	209.221	-0.27323	-0.13750	0.00236	0.00293	0.00859	-0.036	0.021	-0.054	daily
20190305	209.195	-0.26938	-0.14290	0.00276	0.00352	0.01061	-0.053	0.051	-0.047	daily
20190306	209.363	-0.27493	-0.13394	0.00272	0.00350	0.01058	-0.043	0.064	-0.071	daily
20190307	209.414	-0.27372	-0.13201	0.00274	0.00348	0.01108	-0.033	0.025	-0.103	daily
20190308	209.351	-0.27288	-0.13700	0.00249	0.00324	0.00928	-0.045	0.059	-0.064	daily
20190309	209.220	-0.27386	-0.14754	0.00235	0.00312	0.00840	-0.070	0.058	-0.143	daily
20190310	209.360	-0.27431	-0.15158	0.00242	0.00308	0.00903	-0.066	0.054	-0.103	daily
20190311	209.402	-0.27206	-0.14687	0.00244	0.00323	0.00936	-0.039	0.034	-0.032	daily
20190312	209.270	-0.27209	-0.14102	0.00227	0.00293	0.00854	-0.035	0.014	-0.067	daily
20190313	209.144	-0.27336	-0.14176	0.00233	0.00316	0.00854	-0.107	0.050	-0.068	daily
20190314	209.155	-0.27462	-0.14109	0.00246	0.00318	0.00875	-0.047	0.068	-0.106	daily
20190315	209.253	-0.27065	-0.14289	0.00266	0.00337	0.00986	-0.046	0.025	-0.063	daily
20190316	209.502	-0.26840	-0.14397	0.00257	0.00337	0.00951	-0.085	0.065	-0.074	daily
20190317	209.661	-0.27197	-0.14773	0.00262	0.00335	0.01025	-0.074	0.063	-0.037	daily
20190318	209.117	-0.27263	-0.14338	0.00245	0.00353	0.00943	-0.083	0.063	-0.027	daily
20190319	209.156	-0.27352	-0.14553	0.00247	0.00309	0.00899	-0.022	-0.042	-0.031	daily
20190320	209.429	-0.27151	-0.14296	0.00262	0.00319	0.00917	0.027	-0.009	-0.103	daily
20190321	209.155	-0.27570	-0.14046	0.00258	0.00329	0.00998	-0.029	0.013	-0.012	daily
20190322	209.447	-0.27325	-0.14672	0.00279	0.00345	0.01021	-0.002	-0.024	-0.031	daily
20190323	209.174	-0.27081	-0.15561	0.00275	0.00337	0.00999	0.015	-0.037	-0.095	daily
20190324	209.291	-0.27182	-0.14331	0.00261	0.00301	0.00945	0.019	-0.043	-0.061	daily
20190325	209.257	-0.27351	-0.14395	0.00261	0.00326	0.00955	0.014	-0.044	-0.044	daily
20190326	209.099	-0.27429	-0.14736	0.00278	0.00327	0.01003	-0.031	-0.033	-0.038	daily
20190327	209.317	-0.27412	-0.14677	0.00259	0.00333	0.00907	0.017	-0.031	-0.028	daily
20190328	209.161	-0.27044	-0.13607	0.00264	0.00337	0.00953	0.008	-0.043	-0.090	daily
20190329	209.362	-0.27143	-0.13442	0.00306	0.00338	0.00945	-0.060	-0.058	-0.110	daily
20190330	209.190	-0.27152	-0.14364	0.00298	0.00357	0.00929	-0.033	-0.086	-0.077	daily
20190331	209.178	-0.27109	-0.13794	0.00284	0.00335	0.00947	-0.001	-0.063	-0.074	daily
20190401	209.354	-0.27017	-0.14793	0.00263	0.00323	0.00919	-0.028	-0.069	-0.100	daily
20190402	209.367	-0.27323	-0.14843	0.00274	0.00342	0.00933	0.005	-0.044	-0.063	daily
20190403	209.439	-0.27296	-0.13895	0.00250	0.00311	0.00859	-0.024	-0.053	-0.047	daily
20190404	209.442	-0.27195	-0.14131	0.00256	0.00326	0.00906	0.018	-0.033	-0.112	daily
20190405	209.406	-0.26971	-0.13518	0.00272	0.00312	0.00931	-0.038	-0.006	-0.086	daily
20190406	209.343	-0.27606	-0.14647	0.00263	0.00330	0.00890	-0.007	-0.025	-0.083	daily
20190407	209.442	-0.27425	-0.14415	0.00237	0.00312	0.00850	-0.037	-0.008	-0.087	daily
20190408	209.196	-0.27112	-0.14905	0.00236	0.00293	0.00879	-0.040	0.014	-0.041	daily
20190409	209.388	-0.27198	-0.14818	0.00250	0.00327	0.00943	-0.055	0.014	-0.103	daily
20190410	209.640	-0.27176	-0.13836	0.00264	0.00326	0.00994	-0.045	0.041	-0.020	daily
20190411	209.280	-0.27355	-0.14681	0.00278	0.00344	0.01051	-0.053	0.046	-0.083	daily
20190412	209.575	-0.27125	-0.14791	0.00274	0.00366	0.01086	-0.042	0.062	-0.070	daily
20190413	209.434	-0.27065	-0.14462	0.00277	0.00355	0.01054	-0.049	0.050	-0.091	daily
20190414	209.494	-0.27015	-0.14118	0.00252	0.00318	0.00924	-0.069	0.050	-0.092	daily
20190415	209.286	-0.26879	-0.13789	0.00233	0.00326	0.00844	-0.090	0.041	-0.089	daily
20190416	209.641	-0.27394	-0.13903	0.00285	0.00344	0.01061	-0.033	0.034	-0.037	daily
20190417	209.267	-0.26860	-0.15423	0.00291	0.00369	0.01106	-0.068	0.008	-0.040	daily
20190418	209.265	-0.27491	-0.15217	0.00301	0.00373	0.01154	-0.031	0.033	-0.044	daily
20190419	209.368	-0.27175	-0.15294	0.00294	0.00375	0.01140	-0.061	0.045	-0.053	daily
20190420	209.223	-0.27267	-0.14159	0.00269	0.00347	0.01018	-0.084	0.004	-0.031	daily
20190421	209.042	-0.27208	-0.15095	0.00276	0.00354	0.01025	-0.060	0.040	-0.050	daily
20190422	209.539	-0.27094	-0.12560	0.00335	0.00429	0.01344	-0.031	-0.007	-0.056	daily
20190423	209.578	-0.27195	-0.15241	0.00292	0.00359	0.01131	-0.005	0.013	-0.042	daily
20190424	209.198	-0.27485	-0.13670	0.00272	0.00348	0.01050	-0.057	0.034	-0.032	daily
20190425	209.595	-0.27178	-0.14955	0.00245	0.00308	0.00905	-0.044	-0.000	-0.058	daily
20190426	209.608	-0.26985	-0.15548	0.00287	0.00352	0.01147	-0.023	0.035	0.001	daily
20190427	209.252	-0.27119	-0.14965	0.00241	0.00305	0.00908	-0.025	-0.000	-0.105	daily
20190428	209.087	-0.27063	-0.14826	0.00258	0.00319	0.00962	-0.011	0.032	-0.091	daily
20190429	209.197	-0.27288	-0.14828	0.00240	0.00320	0.00902	-0.011	-0.012	-0.094	daily
20190430	209.409	-0.27080	-0.15263	0.00230	0.00301	0.00826	-0.023	0.005	-0.049	daily
20190501	209.340	-0.27054	-0.14918	0.00240	0.00315	0.00904	-0.056	0.034	-0.043	daily
20190502	209.306	-0.26906	-0.14921	0.00228	0.00305	0.00853	-0.063	-0.018	-0.036	daily
20190503	209.040	-0.27106	-0.14206	0.00225	0.00296	0.00862	-0.089	-0.012	-0.026	daily
20190504	209.253	-0.26697	-0.15538	0.00238	0.00301	0.00923	-0.038	-0.004	-0.038	daily
20190505	209.380	-0.27059	-0.14249	0.00242	0.00296	0.00904	-0.015	0.026	-0.062	daily
20190506	209.347	-0.27034	-0.14761	0.00241	0.00303	0.00899	-0.070	-0.007	-0.034	daily
20190507	209.402	-0.27231	-0.15144	0.00246	0.00295	0.00859	-0.015	-0.023	-0.077	daily
20190508	209.514	-0.27022	-0.14512	0.00255	0.00305	0.00919	-0.022	-0.015	-0.069	daily
20190509	209.570	-0.27279	-0.12470	0.00322	0.00388	0.01275	-0.025	0.046	-0.008	daily
20190510	209.542	-0.27147	-0.13668	0.00235	0.00288	0.00866	0.001	-0.024	-0.049	daily
20190511	209.467	-0.26904	-0.14467	0.00247	0.00303	0.00931	-0.040	-0.008	-0.037	daily
20190512	209.278	-0.26992	-0.14499	0.00252	0.00302	0.00939	0.000	0.026	-0.015	daily
20190513	209.426	-0.26887	-0.14690	0.00265	0.00333	0.01041	-0.019	0.014	-0.053	daily
20190514	209.542	-0.27062	-0.14608	0.00298	0.00371	0.01199	-0.028	0.021	0.017	daily
20190515	209.157	-0.26952	-0.15058	0.00229	0.00299	0.00844	-0.030	-0.031	-0.052	daily
20190516	209.250	-0.27143	-0.14597	0.00320	0.00383	0.01306	-0.015	0.037	-0.010	daily
20190517	209.320	-0.27090	-0.15565	0.00290	0.00364	0.01152	-0.028	0.048	-0.100	daily
20190518	209.176	-0.27005	-0.14881	0.00305	0.00373	0.01202	-0.047	0.026	-0.063	daily
20190519	209.455	-0.27069	-0.14476	0.00272	0.00338	0.01084	-0.029	0.054	-0.081	daily
20190520	209.108	-0.27190	-0.14800	0.00283	0.00346	0.01108	-0.010	0.021	-0.048	daily
20190521	209.183	-0.27084	-0.14512	0.00273	0.00332	0.01062	-0.004	0.052	-0.048	daily
20190522	209.434	-0.27101	-0.14909	0.00238	0.00299	0.00875	-0.033	0.017	-0.061	daily
20190523	209.366	-0.27042	-0.13890	0.00280	0.00351	0.01092	-0.045	0.060	-0.026	daily
20190524	209.381	-0.27044	-0.14442	0.00300	0.00365	0.01246	-0.011	0.070	-0.061	daily
20190525	209.236	-0.27016	-0.15620	0.00300	0.00362	0.01179	-0.036	0.058	-0.056	daily
20190526	209.640	-0.26917	-0.16353	0.00384	0.00445	0.01605	-0.006	0.067	-0.122	daily
20190527	209.631	-0.26834	-0.14609	0.00246	0.00301	0.00894	-0.020	0.053	-0.078	daily
20190528	209.618	-0.26915	-0.14286	0.00278	0.00335	0.01083	0.011	0.019	-0.123	daily
20190529	209.655	-0.26902	-0.13997	0.00282	0.00342	0.01128	0.020	0.079	-0.088	daily
20190530	209.652	-0.26969	-0.14343	0.00265	0.00334	0.01054	-0.028	0.048	-0.109	daily
20190531	209.992	-0.26842	-0.14251	0.00368	0.00445	0.01550	-0.029	0.039	-0.111	daily
20190601	209.283	-0.26862	-0.14625	0.00279	0.00323	0.01076	-0.003	0.041	-0.027	daily
20190602	209.740	-0.26613	-0.15637	0.00311	0.00382	0.01249	-0.036	0.018	-0.059	daily
20190603	209.495	-0.27117	-0.15356	0.00285	0.00331	0.01134	-0.005	0.011	-0.040	daily
20190604	209.386	-0.26894	-0.14837	0.00225	0.00282	0.00838	0.019	-0.068	-0.102	daily
20190605	209.399	-0.27164	-0.14402	0.00269	0.00321	0.01064	0.004	-0.002	-0.066	daily
20190606	209.375	-0.27144	-0.14687	0.00252	0.00299	0.00938	0.008	0.026	-0.067	daily
20190607	209.344	-0.26955	-0.14780	0.00263	0.00308	0.01001	-0.038	0.043	-0.150	daily
20190608	209.727	-0.27059	-0.14614	0.00271	0.00322	0.01025	-0.031	0.087	-0.131	daily
20190609	209.556	-0.26946	-0.14793	0.00244	0.00298	0.00880	-0.015	0.013	-0.169	daily
20190610	209.581	-0.26917	-0.14571	0.00259	0.00300	0.00949	-0.022	0.016	-0.111	daily
20190611	209.405	-0.27098	-0.15115	0.00236	0.00286	0.00852	-0.007	-0.017	-0.151	daily
20190612	209.323	-0.26883	-0.14972	0.00265	0.00314	0.01045	-0.021	0.045	-0.101	daily
20190613	209.397	-0.27047	-0.15432	0.00282	0.00325	0.01131	0.009	0.034	-0.056	daily
20190614	209.683	-0.26796	-0.16012	0.00268	0.00323	0.01044	-0.033	0.023	-0.143	daily
20190615	209.296	-0.26981	-0.15863	0.00222	0.00274	0.00856	-0.038	0.016	-0.134	daily
20190616	209.388	-0.27039	-0.16001	0.00233	0.00294	0.00890	0.009	-0.028	-0.070	daily
20190617	209.232	-0.27030	-0.16254	0.00247	0.00301	0.00944	-0.047	0.049	-0.142	daily
20190618	209.481	-0.26937	-0.15991	0.00218	0.00276	0.00856	-0.060	-0.004	-0.135	daily
20190619	209.551	-0.26867	-0.15969	0.00249	0.00300	0.00988	-0.044	0.023	-0.065	daily
20190620	209.526	-0.27081	-0.15929	0.00219	0.00303	0.00832	-0.062	0.016	-0.086	daily
20190621	209.350	-0.26728	-0.15952	0.00236	0.00287	0.00939	-0.035	0.028	-0.108	daily
20190622	209.340	-0.26615	-0.16001	0.00284	0.00337	0.01179	-0.049	0.055	-0.035	daily
20190623	209.063	-0.26972	-0.15802	0.00300	0.00359	0.01247	-0.019	0.040	-0.122	daily
20190624	209.502	-0.26866	-0.16133	0.00291	0.00360	0.01209	-0.034	0.060	-0.106	daily
20190625	209.327	-0.27155	-0.15231	0.00274	0.00352	0.01145	-0.046	0.040	-0.073	daily
20190626	209.138	-0.26866	-0.15816	0.00264	0.00325	0.01035	-0.048	0.007	-0.100	daily
20190627	209.658	-0.26684	-0.14880	0.00266	0.00315	0.01028	-0.032	0.026	-0.056	daily
20190628	209.362	-0.26672	-0.16445	0.00283	0.00342	0.01125	-0.013	0.038	-0.075	daily
20190629	209.310	-0.26794	-0.15632	0.00288	0.00362	0.01180	-0.040	0.040	-0.136	daily
20190630	209.461	-0.26847	-0.14565	0.00243	0.00297	0.00939	-0.024	0.008	-0.079	daily
20190701	209.461	-0.26812	-0.15750	0.00254	0.00315	0.00971	-0.062	0.077	-0.122	daily
20190702	209.319	-0.26837	-0.14541	0.00238	0.00295	0.00877	-0.038	0.015	-0.130	daily
20190703	209.369	-0.27079	-0.15825	0.00247	0.00307	0.00935	-0.055	0.040	-0.083	daily
20190704	209.642	-0.27205	-0.14280	0.00250	0.00315	0.00993	-0.057	0.036	-0.102	daily
20190705	209.382	-0.26689	-0.15119	0.00271	0.00343	0.01089	-0.070	-0.001	-0.077	daily
20190706	209.625	-0.27442	-0.15654	0.00310	0.00392	0.01288	-0.051	0.042	-0.066	daily
20190707	209.445	-0.26582	-0.15189	0.00258	0.00326	0.00995	-0.062	0.041	-0.112	daily
20190708	209.303	-0.27043	-0.14683	0.00260	0.00339	0.01037	-0.058	0.025	-0.127	daily
20190709	209.615	-0.26845	-0.15028	0.00244	0.00314	0.00961	-0.051	0.029	-0.131	daily
20190710	209.723	-0.26712	-0.15552	0.00234	0.00304	0.00938	-0.064	0.041	-0.074	daily
20190711	209.493	-0.26785	-0.15676	0.00220	0.00292	0.00847	-0.086	0.066	-0.111	daily
20190712	209.411	-0.26664	-0.15048	0.00228	0.00292	0.00898	-0.058	0.017	-0.174	daily
20190713	209.287	-0.26959	-0.15651	0.00252	0.00318	0.01037	-0.077	0.039	-0.097	daily
20190714	209.524	-0.26782	-0.15934	0.00236	0.00298	0.00955	-0.032	0.061	-0.119	daily
20190715	209.448	-0.26552	-0.14815	0.00245	0.00298	0.00973	-0.046	0.031	-0.087	daily
20190716	209.792	-0.26946	-0.14651	0.00273	0.00338	0.01113	-0.078	0.060	-0.132	daily
20190717	209.468	-0.26729	-0.15199	0.00274	0.00331	0.01141	-0.020	0.018	-0.094	daily
20190718	209.875	-0.26825	-0.15301	0.00264	0.00332	0.01079	-0.049	0.041	-0.174	daily
20190719	209.428	-0.26512	-0.15490	0.00270	0.00334	0.01087	-0.059	0.051	-0.048	daily
20190720	209.511	-0.26801	-0.15413	0.00270	0.00372	0.01127	-0.049	0.035	-0.062	daily
20190721	209.459	-0.26953	-0.14885	0.00298	0.00380	0.01269	-0.068	0.069	-0.097	daily
20190729	209.346	-0.26848	-0.16418	0.00267	0.00353	0.01087	-0.054	0.000	-0.067	daily
20190730	209.573	-0.26580	-0.15829	0.00228	0.00286	0.00897	-0.039	0.012	-0.155	daily
20190731	209.639	-0.26613	-0.16268	0.00263	0.00342	0.01075	-0.042	0.044	-0.141	daily
20190801	209.568	-0.26784	-0.15289	0.00264	0.00323	0.01097	-0.063	0.034	-0.123	daily
20190802	209.977	-0.26945	-0.16727	0.00235	0.00342	0.00927	-0.164	-0.035	-0.095	daily
20190803	209.547	-0.26581	-0.15640	0.00241	0.00299	0.00930	-0.039	-0.006	-0.153	daily
20190804	209.539	-0.26791	-0.14946	0.00236	0.00296	0.00884	-0.030	0.025	-0.135	daily
20190805	209.728	-0.27351	-0.15225	0.00243	0.00341	0.00912	-0.029	-0.057	-0.156	daily
20190806	209.358	-0.26536	-0.14798	0.00245	0.00330	0.00960	-0.064	0.011	-0.184	daily
20190807	209.508	-0.27021	-0.15245	0.00252	0.00315	0.00976	-0.055	0.041	-0.130	daily
20190808	209.835	-0.26887	-0.14983	0.00269	0.00349	0.01099	-0.037	-0.006	-0.088	daily
20190810	209.595	-0.27001	-0.15390	0.00232	0.00303	0.00937	-0.053	0.062	-0.190	daily
20190811	209.624	-0.26730	-0.15490	0.00228	0.00290	0.00876	-0.098	0.038	-0.105	daily
20190812	209.311	-0.26806	-0.15667	0.00265	0.00320	0.01096	-0.024	0.056	-0.071	daily
20190813	209.610	-0.26849	-0.16562	0.00278	0.00331	0.01141	-0.051	0.066	-0.095	daily
20190814	209.674	-0.26655	-0.14821	0.00232	0.00285	0.00902	-0.056	0.046	-0.102	daily
20190815	209.599	-0.26997	-0.15507	0.00261	0.00308	0.01025	-0.042	0.060	-0.051	daily
20190816	209.171	-0.26962	-0.15066	0.00294	0.00386	0.01208	-0.004	0.035	-0.130	daily
20190817	209.870	-0.26994	-0.16060	0.00296	0.00367	0.01272	-0.046	0.076	-0.134	daily
20190818	209.854	-0.26903	-0.14867	0.00265	0.00324	0.01055	-0.051	0.056	-0.128	daily
20190819	209.580	-0.26763	-0.15149	0.00272	0.00346	0.01112	-0.052	0.045	-0.152	daily
20190820	209.662	-0.26876	-0.14533	0.00243	0.00305	0.00964	-0.070	0.046	-0.113	daily
20190821	209.527	-0.26549	-0.15781	0.00217	0.00293	0.00864	-0.054	0.041	-0.120	daily
20190822	209.520	-0.27242	-0.15587	0.00275	0.00335	0.01114	-0.048	0.072	-0.102	daily
20190823	209.495	-0.27108	-0.15537	0.00239	0.00326	0.00951	-0.053	0.009	-0.092	daily
20190824	209.695	-0.26767	-0.15645	0.00237	0.00309	0.00885	-0.042	0.037	-0.199	daily
20190825	210.089	-0.27079	-0.16492	0.00318	0.00398	0.01358	-0.041	0.099	-0.142	daily
20190826	209.704	-0.26843	-0.15936	0.00287	0.00359	0.01193	-0.064	0.070	-0.102	daily
20190827	209.767	-0.27113	-0.15132	0.00242	0.00338	0.00984	-0.107	0.074	-0.131	daily
20190828	209.741	-0.27078	-0.14171	0.00360	0.00437	0.01551	-0.053	0.075	-0.120	daily
20190829	210.063	-0.26927	-0.15392	0.00254	0.00330	0.01030	-0.063	0.044	-0.117	daily
20190830	209.703	-0.26892	-0.15059	0.00249	0.00314	0.01012	-0.047	0.104	-0.069	daily
20190831	209.724	-0.26399	-0.15232	0.00244	0.00302	0.00948	-0.038	0.053	-0.087	daily
20190901	209.430	-0.27119	-0.14648	0.00301	0.00376	0.01261	-0.036	0.056	-0.066	daily
20190902	209.744	-0.26524	-0.15623	0.00352	0.00457	0.01477	-0.084	0.098	-0.151	daily
20190903	209.641	-0.26629	-0.15965	0.00263	0.00335	0.01048	-0.072	0.063	-0.097	daily
20190904	209.784	-0.26931	-0.15551	0.00263	0.00324	0.01046	-0.064	0.068	-0.134	daily
20190905	209.685	-0.26742	-0.15466	0.00245	0.00300	0.00920	-0.027	0.033	-0.204	daily
20190906	209.742	-0.26743	-0.15455	0.00257	0.00317	0.00990	-0.062	0.067	-0.124	daily
20190907	209.744	-0.26335	-0.14507	0.00270	0.00336	0.01133	-0.043	0.079	-0.111	daily
