PBO Station Position Time Series. Reference Frame : Unknown										
Format Version: 1.1.0										
4-character ID: P14P										
Station name  : P14P_GPS        										
First Epoch   : 20100101 115900										
Last Epoch    : 20190907 115900										
Release Date  : 20200121 081140										
NEU Reference position :    -0.9055214917  119.8367143000  137.04220 (Unknown/WGS84)										
Start Field Description										
YYYYMMDD      Year, month, day for the given position epoch										
dN            Difference in North component from NEU reference position, meters										
dE            Difference in East component from NEU reference position, meters										
du            Difference in vertical component from NEU reference position, meters										
Sn            Standard deviation of dN, meters										
Se            Standard deviation of dE, meters										
Su            Standard deviation of dU, meters										
Rne           Correlation of dN and dE										
Rnu           Correlation of dN and dU										
Reu           Correlation of dEand dU										
"Soln          ""rapid"", ""final"", ""suppl/suppf"", ""campd"", or ""repro"" corresponding to products  generated with rapid or final orbit products, in supplemental processing, campaign data processing or reprocessing"										
End Field Description										
*YYYYMMDD	dN	dE	dU	Sn	Se	Su	Rne	Rnu	Reu	Soln
20181003	-103.438	0.52247	-0.30328	0.00274	0.00348	0.01127	0.018	-0.041	0.062	daily
20181005	-103.754	0.53419	-0.29541	0.00250	0.00292	0.00997	-0.019	-0.013	0.042	daily
20181006	-103.965	0.53326	-0.30453	0.00309	0.00363	0.01280	-0.012	-0.017	0.074	daily
20181007	-103.632	0.53523	-0.28967	0.00295	0.00344	0.01233	-0.006	-0.007	0.060	daily
20181008	-103.857	0.53355	-0.29831	0.00265	0.00306	0.01064	-0.011	-0.031	0.042	daily
20181009	-104.071	0.53217	-0.29987	0.00259	0.00299	0.01055	-0.016	-0.028	0.079	daily
20181010	-104.017	0.53610	-0.29894	0.00250	0.00286	0.00992	-0.011	-0.037	0.046	daily
20181011	-104.224	0.54054	-0.29631	0.00257	0.00299	0.01042	-0.020	-0.011	0.084	daily
20181012	-104.184	0.53925	-0.30439	0.00271	0.00317	0.01089	-0.001	-0.023	0.030	daily
20181013	-104.532	0.54052	-0.28467	0.00257	0.00307	0.01038	-0.025	0.001	0.052	daily
20181014	-104.422	0.54437	-0.28466	0.00255	0.00308	0.01051	-0.015	0.016	0.085	daily
20181015	-104.546	0.54025	-0.28939	0.00237	0.00287	0.00942	-0.027	0.015	0.050	daily
20181016	-104.759	0.54225	-0.28753	0.00248	0.00303	0.00999	-0.010	-0.008	0.054	daily
20181017	-104.702	0.54301	-0.29069	0.00304	0.00360	0.01221	0.006	-0.031	0.097	daily
20181018	-104.655	0.54536	-0.30913	0.00299	0.00349	0.01249	0.003	0.001	0.052	daily
20181019	-104.771	0.54625	-0.29939	0.00268	0.00316	0.01068	0.015	-0.029	0.060	daily
20181020	-104.626	0.54406	-0.30044	0.00233	0.00272	0.00905	-0.004	-0.041	0.038	daily
20181021	-104.920	0.54623	-0.28771	0.00246	0.00296	0.00977	0.003	-0.002	0.044	daily
20181022	-104.741	0.54564	-0.28531	0.00262	0.00332	0.01087	0.003	-0.012	0.070	daily
20181023	-105.017	0.54893	-0.29922	0.00228	0.00279	0.00882	0.020	-0.088	0.003	daily
20181024	-104.839	0.55316	-0.28624	0.00279	0.00328	0.01113	0.025	-0.000	0.075	daily
20181025	-105.216	0.54966	-0.28827	0.00257	0.00301	0.00978	0.036	-0.059	0.035	daily
20181026	-105.158	0.55089	-0.30305	0.00284	0.00342	0.01117	0.008	-0.040	0.069	daily
20181027	-105.255	0.55069	-0.29180	0.00224	0.00268	0.00854	0.007	-0.046	0.055	daily
20181028	-105.718	0.54824	-0.27435	0.00281	0.00353	0.01132	0.002	-0.053	0.075	daily
20181029	-105.124	0.55250	-0.29982	0.00246	0.00309	0.00965	0.023	-0.073	-0.007	daily
20181030	-105.314	0.54752	-0.28796	0.00280	0.00346	0.01136	0.032	-0.006	0.061	daily
20181031	-105.319	0.55181	-0.30256	0.00238	0.00294	0.00941	0.004	-0.016	0.104	daily
20181101	-105.060	0.54994	-0.29408	0.00227	0.00284	0.00877	-0.003	-0.023	0.027	daily
20181102	-105.461	0.54947	-0.30639	0.00287	0.00354	0.01171	0.005	-0.026	0.080	daily
20181103	-105.093	0.55035	-0.29677	0.00232	0.00289	0.00913	0.009	-0.013	0.052	daily
20181104	-105.009	0.55107	-0.30564	0.00224	0.00278	0.00862	0.004	-0.004	0.063	daily
20181105	-105.393	0.54944	-0.30000	0.00248	0.00307	0.01009	0.001	0.005	0.077	daily
20181106	-105.568	0.55058	-0.30700	0.00317	0.00395	0.01335	-0.002	0.001	0.053	daily
20181107	-105.504	0.55469	-0.30117	0.00265	0.00341	0.01041	0.015	-0.009	0.072	daily
20181108	-105.651	0.55097	-0.30654	0.00267	0.00332	0.01057	-0.008	-0.003	0.066	daily
20181109	-105.587	0.55674	-0.29630	0.00279	0.00349	0.01134	0.017	0.023	0.073	daily
20181110	-105.514	0.55499	-0.29389	0.00230	0.00287	0.00895	0.002	0.008	0.087	daily
20181111	-105.502	0.55470	-0.29534	0.00209	0.00262	0.00804	-0.018	-0.010	0.097	daily
20181112	-105.640	0.55778	-0.29059	0.00240	0.00289	0.00929	0.000	0.005	0.073	daily
20181113	-105.464	0.55876	-0.30003	0.00244	0.00299	0.00970	0.006	-0.002	0.070	daily
20181114	-105.451	0.55743	-0.30788	0.00223	0.00276	0.00907	0.003	-0.002	0.096	daily
20181115	-105.196	0.55269	-0.31124	0.00468	0.00532	0.02086	0.005	-0.029	-0.022	daily
20181116	-105.515	0.55628	-0.29894	0.00252	0.00300	0.00956	-0.005	0.010	0.076	daily
20181117	-105.490	0.55765	-0.30134	0.00223	0.00271	0.00845	0.007	-0.030	0.062	daily
20181118	-105.565	0.55564	-0.29530	0.00198	0.00248	0.00758	-0.002	0.008	0.049	daily
20181119	-105.771	0.55590	-0.30099	0.00216	0.00259	0.00826	-0.000	-0.002	0.054	daily
20181120	-105.624	0.55820	-0.29965	0.00242	0.00293	0.00938	-0.001	-0.013	0.072	daily
20181121	-105.778	0.55769	-0.30728	0.00237	0.00284	0.00923	0.001	0.016	0.083	daily
20181122	-105.919	0.55720	-0.30347	0.00237	0.00287	0.00904	-0.001	0.009	0.059	daily
20181123	-106.032	0.55499	-0.29650	0.00260	0.00307	0.01027	0.007	-0.003	0.102	daily
20181124	-105.592	0.55909	-0.29180	0.00205	0.00247	0.00741	-0.025	-0.010	0.045	daily
20181125	-105.787	0.55996	-0.30422	0.00212	0.00258	0.00767	-0.022	-0.001	0.047	daily
20181126	-105.913	0.55922	-0.29893	0.00209	0.00256	0.00766	-0.010	0.016	0.067	daily
20181127	-105.677	0.55957	-0.29717	0.00206	0.00249	0.00772	-0.015	0.011	0.055	daily
20181128	-105.860	0.56066	-0.29112	0.00252	0.00307	0.00974	-0.010	0.012	0.065	daily
20181129	-105.601	0.56186	-0.29682	0.00243	0.00296	0.00950	0.019	0.027	0.090	daily
20181130	-105.630	0.56237	-0.28967	0.00264	0.00319	0.01052	0.030	0.026	0.079	daily
20181201	-105.600	0.56100	-0.29210	0.00236	0.00294	0.00929	0.019	0.049	0.071	daily
20181202	-105.613	0.56068	-0.29873	0.00236	0.00282	0.00882	0.017	0.013	0.062	daily
20181203	-105.622	0.56242	-0.28740	0.00234	0.00284	0.00914	-0.002	0.039	0.052	daily
20181204	-105.674	0.56143	-0.29907	0.00256	0.00302	0.01017	0.032	0.027	0.065	daily
20181205	-105.983	0.55940	-0.30588	0.00255	0.00309	0.01039	0.009	0.031	0.095	daily
20181206	-105.766	0.56376	-0.30064	0.00258	0.00311	0.01000	0.016	0.045	0.056	daily
20181207	-105.908	0.56328	-0.32126	0.00259	0.00305	0.01025	0.016	0.029	0.078	daily
20181208	-105.654	0.56266	-0.31431	0.00233	0.00283	0.00895	0.013	0.026	0.032	daily
20181209	-105.832	0.56229	-0.30414	0.00228	0.00271	0.00828	0.005	0.012	0.023	daily
20181210	-105.856	0.56443	-0.30140	0.00235	0.00292	0.00929	0.001	0.041	0.044	daily
20181211	-105.921	0.56179	-0.30934	0.00239	0.00291	0.00956	-0.022	0.027	0.064	daily
20181212	-105.672	0.56351	-0.29868	0.00200	0.00258	0.00760	0.011	0.009	0.081	daily
20181213	-105.616	0.56231	-0.30802	0.00205	0.00266	0.00782	-0.040	0.018	0.037	daily
20181214	-105.700	0.56604	-0.30933	0.00242	0.00301	0.00950	-0.009	0.018	0.079	daily
20181215	-106.000	0.56348	-0.30013	0.00224	0.00265	0.00857	-0.010	0.017	0.046	daily
20181216	-105.825	0.56518	-0.30257	0.00229	0.00283	0.00876	-0.020	0.026	0.086	daily
20181217	-105.884	0.56318	-0.30946	0.00199	0.00243	0.00759	-0.024	0.058	0.061	daily
20181218	-106.073	0.56669	-0.30130	0.00197	0.00242	0.00755	-0.025	0.059	0.053	daily
20181219	-106.139	0.56445	-0.30999	0.00188	0.00233	0.00713	-0.017	0.069	0.060	daily
20181220	-105.849	0.56426	-0.31991	0.00241	0.00300	0.00992	-0.023	0.045	0.108	daily
20181222	-106.353	0.56638	-0.31289	0.00273	0.00350	0.01158	-0.028	-0.000	-0.007	daily
20181223	-106.229	0.56118	-0.32072	0.00275	0.00390	0.01079	0.008	-0.078	0.172	daily
20181224	-106.106	0.56617	-0.31870	0.00255	0.00336	0.01092	-0.092	0.055	0.066	daily
20181225	-106.258	0.56342	-0.31868	0.00267	0.00381	0.00961	-0.051	0.029	-0.085	daily
20181226	-106.119	0.56671	-0.31358	0.00275	0.00408	0.01096	-0.034	0.008	-0.025	daily
20181227	-106.608	0.55313	-0.31731	0.00304	0.00426	0.01295	-0.049	-0.023	0.111	daily
20181228	-106.109	0.56003	-0.32483	0.00308	0.00389	0.01332	-0.062	-0.116	0.123	daily
20181229	-106.486	0.55358	-0.33835	0.00354	0.00534	0.01500	-0.131	-0.025	0.101	daily
20181230	-106.444	0.55727	-0.32511	0.00285	0.00394	0.01077	-0.104	0.035	-0.031	daily
20181231	-106.343	0.56419	-0.30177	0.00289	0.00493	0.01259	-0.115	0.081	-0.127	daily
20190101	-106.109	0.56917	-0.31752	0.00248	0.00368	0.00911	-0.098	-0.046	-0.038	daily
20190102	-106.121	0.56759	-0.32157	0.00225	0.00313	0.00850	-0.154	-0.055	-0.025	daily
20190103	-106.179	0.56856	-0.31123	0.00235	0.00330	0.00923	0.026	-0.057	0.041	daily
20190104	-106.343	0.56907	-0.31712	0.00255	0.00320	0.00962	-0.118	-0.017	0.038	daily
20190105	-106.278	0.56885	-0.31589	0.00281	0.00370	0.01164	-0.064	-0.007	0.032	daily
20190106	-106.167	0.56919	-0.31983	0.00310	0.00392	0.01258	-0.072	-0.030	0.088	daily
20190107	-106.336	0.56968	-0.31668	0.00261	0.00344	0.01089	-0.097	0.005	-0.035	daily
20190108	-106.332	0.56585	-0.30719	0.00278	0.00374	0.01092	-0.069	-0.030	0.036	daily
20190109	-106.596	0.57096	-0.31684	0.00242	0.00320	0.00940	-0.090	-0.027	0.011	daily
20190110	-106.182	0.57164	-0.29628	0.00277	0.00346	0.01060	-0.052	0.010	0.059	daily
20190111	-106.434	0.57057	-0.30700	0.00267	0.00342	0.01043	-0.084	0.013	-0.018	daily
20190112	-106.455	0.57304	-0.31285	0.00251	0.00355	0.00966	-0.154	-0.006	0.040	daily
20190113	-106.688	0.56992	-0.30798	0.00326	0.00452	0.01378	-0.111	-0.064	0.079	daily
20190114	-106.695	0.57160	-0.30026	0.00250	0.00320	0.00977	-0.095	0.017	0.005	daily
20190115	-106.490	0.56985	-0.31164	0.00229	0.00342	0.00853	-0.082	-0.033	-0.027	daily
20190116	-106.543	0.57258	-0.31067	0.00249	0.00321	0.00966	-0.067	-0.004	0.034	daily
20190117	-106.398	0.56844	-0.31167	0.00246	0.00327	0.00944	-0.169	0.007	-0.041	daily
20190118	-106.843	0.57121	-0.30477	0.00250	0.00313	0.00986	-0.078	-0.017	-0.016	daily
20190119	-106.550	0.57121	-0.30922	0.00250	0.00334	0.00990	-0.049	0.033	0.050	daily
20190120	-106.128	0.57149	-0.31477	0.00266	0.00356	0.01076	-0.084	-0.008	0.002	daily
20190121	-106.700	0.57188	-0.30664	0.00291	0.00388	0.01202	-0.060	-0.004	0.069	daily
20190122	-106.425	0.57395	-0.31196	0.00257	0.00372	0.00980	-0.085	0.001	0.071	daily
20190123	-106.383	0.57421	-0.30181	0.00256	0.00328	0.01028	-0.051	-0.014	0.031	daily
20190124	-106.448	0.57208	-0.30914	0.00240	0.00326	0.00938	-0.066	0.057	-0.003	daily
20190125	-106.757	0.57302	-0.31073	0.00269	0.00354	0.01034	-0.076	0.024	0.126	daily
20190126	-106.572	0.57740	-0.31547	0.00248	0.00318	0.00933	-0.140	0.065	0.001	daily
20190127	-106.424	0.57390	-0.31205	0.00236	0.00326	0.00900	-0.114	0.002	0.012	daily
20190128	-106.606	0.57422	-0.31277	0.00237	0.00329	0.00943	0.038	-0.032	0.034	daily
20190129	-106.674	0.57528	-0.31416	0.00227	0.00282	0.00845	-0.113	0.084	-0.087	daily
20190130	-106.693	0.57244	-0.30618	0.00223	0.00295	0.00828	-0.099	-0.003	0.019	daily
20190131	-106.757	0.57349	-0.31519	0.00296	0.00373	0.01152	-0.066	0.038	0.020	daily
20190201	-106.570	0.57111	-0.31719	0.00231	0.00343	0.00922	-0.071	0.039	0.101	daily
20190202	-106.795	0.57355	-0.31316	0.00256	0.00380	0.00987	-0.168	0.006	-0.071	daily
20190203	-106.758	0.57005	-0.31513	0.00264	0.00351	0.01087	-0.100	-0.055	0.018	daily
20190204	-106.671	0.57476	-0.32314	0.00267	0.00343	0.01141	-0.040	-0.005	0.034	daily
20190205	-106.700	0.57859	-0.31571	0.00239	0.00342	0.00985	-0.096	-0.047	-0.072	daily
20190206	-106.427	0.57443	-0.31005	0.00251	0.00335	0.00978	-0.087	0.046	-0.110	daily
20190207	-106.604	0.57623	-0.30801	0.00269	0.00365	0.01094	-0.085	0.007	-0.086	daily
20190208	-106.889	0.57808	-0.30973	0.00318	0.00409	0.01337	-0.064	0.036	-0.021	daily
20190209	-106.856	0.57757	-0.30847	0.00296	0.00376	0.01081	-0.081	-0.013	-0.016	daily
20190210	-106.467	0.57842	-0.30815	0.00258	0.00368	0.00981	-0.067	0.018	-0.091	daily
20190211	-106.728	0.57824	-0.31517	0.00307	0.00440	0.01287	-0.114	-0.007	-0.145	daily
20190212	-106.943	0.57680	-0.30757	0.00266	0.00353	0.00980	-0.021	-0.008	-0.069	daily
20190213	-106.827	0.58011	-0.31218	0.00372	0.00469	0.01527	-0.034	0.031	-0.081	daily
20190214	-106.861	0.57764	-0.30924	0.00276	0.00379	0.01093	-0.059	0.012	-0.102	daily
20190215	-107.008	0.57603	-0.30177	0.00262	0.00351	0.00969	-0.074	0.051	-0.035	daily
20190216	-106.752	0.58212	-0.30759	0.00285	0.00359	0.01073	-0.073	-0.007	-0.050	daily
20190217	-106.785	0.57834	-0.28928	0.00385	0.00485	0.01562	-0.060	0.008	0.024	daily
20190218	-106.182	0.57749	-0.30877	0.00450	0.00574	0.01923	-0.061	0.011	-0.081	daily
20190219	-107.009	0.57968	-0.30664	0.00331	0.00400	0.01163	-0.022	-0.058	-0.057	daily
20190220	-106.716	0.57714	-0.31803	0.00250	0.00312	0.00852	0.018	-0.057	-0.201	daily
20190221	-106.823	0.58299	-0.32248	0.00255	0.00330	0.00943	-0.070	0.023	-0.163	daily
20190222	-106.653	0.57717	-0.29752	0.00295	0.00404	0.01149	-0.030	-0.012	-0.132	daily
20190223	-106.859	0.58161	-0.30984	0.00277	0.00375	0.01073	-0.078	0.041	-0.128	daily
20190224	-106.604	0.57881	-0.30994	0.00329	0.00433	0.01349	-0.056	0.001	-0.154	daily
20190225	-106.843	0.57876	-0.31378	0.00270	0.00347	0.01047	-0.077	0.001	-0.090	daily
20190226	-107.107	0.57898	-0.32270	0.00307	0.00415	0.01242	-0.063	0.038	-0.086	daily
20190227	-107.216	0.57962	-0.31406	0.00265	0.00348	0.00960	-0.097	0.003	-0.077	daily
20190228	-107.462	0.57563	-0.31145	0.00313	0.00407	0.01261	-0.059	0.048	-0.072	daily
20190301	-107.077	0.57844	-0.31449	0.00253	0.00343	0.00949	-0.075	0.020	-0.113	daily
20190302	-106.818	0.57948	-0.31243	0.00262	0.00357	0.01003	0.031	-0.014	-0.116	daily
20190303	-107.152	0.58045	-0.31414	0.00349	0.00460	0.01442	-0.050	-0.021	-0.080	daily
20190304	-106.940	0.57786	-0.30164	0.00252	0.00322	0.00975	-0.056	0.002	-0.075	daily
20190305	-106.992	0.57756	-0.30966	0.00299	0.00407	0.01177	-0.092	0.030	-0.102	daily
20190306	-107.161	0.57458	-0.31412	0.00261	0.00355	0.01014	-0.072	0.018	-0.094	daily
20190307	-107.216	0.57613	-0.31393	0.00315	0.00391	0.01275	-0.080	-0.025	-0.032	daily
20190308	-107.048	0.57901	-0.30839	0.00251	0.00323	0.00920	-0.083	0.032	-0.074	daily
20190309	-107.329	0.57920	-0.32038	0.00256	0.00363	0.00960	-0.084	0.051	-0.173	daily
20190310	-107.066	0.57683	-0.31098	0.00274	0.00370	0.01004	-0.072	0.029	-0.056	daily
20190311	-107.102	0.57899	-0.30692	0.00265	0.00376	0.01051	-0.106	0.020	-0.078	daily
20190312	-107.061	0.57755	-0.31495	0.00239	0.00361	0.00875	-0.130	-0.005	-0.092	daily
20190313	-107.074	0.57687	-0.31289	0.00258	0.00371	0.01000	-0.124	0.006	-0.125	daily
20190314	-107.236	0.58181	-0.30470	0.00277	0.00405	0.00989	-0.081	0.085	-0.003	daily
20190315	-106.999	0.58024	-0.31953	0.00281	0.00378	0.01072	-0.083	-0.024	-0.045	daily
20190316	-106.641	0.58146	-0.30861	0.00269	0.00365	0.01017	-0.111	0.059	-0.100	daily
20190317	-106.667	0.58347	-0.31616	0.00298	0.00423	0.01250	-0.088	0.004	-0.084	daily
20190318	-107.297	0.57817	-0.31560	0.00253	0.00370	0.00920	-0.141	0.055	-0.064	daily
20190319	-107.159	0.57868	-0.30266	0.00270	0.00349	0.00985	-0.036	-0.010	-0.085	daily
20190320	-106.808	0.58059	-0.30978	0.00264	0.00383	0.00934	-0.038	-0.063	-0.016	daily
20190322	-106.916	0.58263	-0.30279	0.00294	0.00386	0.01074	-0.027	-0.037	-0.056	daily
20190323	-106.953	0.58165	-0.31770	0.00270	0.00384	0.01019	-0.034	-0.029	-0.082	daily
20190324	-107.230	0.58239	-0.31466	0.00275	0.00344	0.01018	-0.006	-0.009	-0.070	daily
20190325	-107.143	0.57823	-0.30398	0.00273	0.00365	0.01036	-0.003	-0.027	-0.060	daily
20190326	-107.197	0.58495	-0.30148	0.00286	0.00368	0.01039	-0.065	-0.006	-0.047	daily
20190327	-107.242	0.57715	-0.32082	0.00268	0.00398	0.00959	-0.035	-0.041	0.036	daily
20190328	-107.371	0.58157	-0.29950	0.00296	0.00392	0.01128	-0.025	-0.004	-0.062	daily
20190329	-106.896	0.58219	-0.29945	0.00319	0.00385	0.01039	-0.048	-0.045	-0.106	daily
20190330	-107.428	0.58209	-0.31419	0.00310	0.00399	0.00963	-0.063	-0.092	-0.111	daily
20190331	-107.309	0.58156	-0.30515	0.00314	0.00475	0.01064	-0.095	-0.064	0.026	daily
20190401	-107.051	0.58439	-0.31837	0.00274	0.00379	0.01017	-0.048	-0.062	-0.099	daily
20190402	-106.904	0.58065	-0.30568	0.00289	0.00387	0.01059	-0.021	-0.052	-0.103	daily
20190403	-107.069	0.58052	-0.30308	0.00260	0.00380	0.00912	-0.102	-0.015	-0.009	daily
20190404	-107.159	0.58209	-0.31053	0.00256	0.00401	0.00950	-0.046	-0.045	0.023	daily
20190405	-107.071	0.58297	-0.30120	0.00260	0.00375	0.00900	-0.051	-0.028	0.051	daily
20190406	-107.404	0.58182	-0.30399	0.00272	0.00394	0.00957	0.002	-0.022	-0.076	daily
20190407	-107.131	0.57866	-0.32008	0.00255	0.00383	0.00920	-0.093	0.027	-0.043	daily
20190408	-107.215	0.58485	-0.31085	0.00236	0.00339	0.00905	-0.047	0.029	-0.019	daily
20190409	-107.463	0.58419	-0.32031	0.00246	0.00397	0.00937	-0.062	0.058	-0.135	daily
20190410	-107.216	0.58286	-0.30627	0.00279	0.00353	0.01086	-0.042	0.008	-0.009	daily
20190411	-107.450	0.58223	-0.31512	0.00278	0.00364	0.01075	-0.074	0.023	-0.045	daily
20190412	-107.008	0.58351	-0.31984	0.00253	0.00362	0.00984	-0.071	0.042	-0.132	daily
20190413	-107.350	0.58509	-0.31532	0.00262	0.00358	0.00992	-0.101	0.017	-0.092	daily
20190414	-107.095	0.58381	-0.30786	0.00284	0.00381	0.01094	-0.112	0.080	-0.112	daily
20190415	-107.879	0.58842	-0.31044	0.00264	0.00365	0.01011	-0.087	0.054	-0.094	daily
20190416	-107.340	0.58235	-0.31389	0.00286	0.00377	0.01126	-0.082	0.009	-0.005	daily
20190417	-107.469	0.58507	-0.32746	0.00322	0.00479	0.01318	-0.142	0.053	-0.134	daily
20190418	-107.562	0.58430	-0.31761	0.00286	0.00378	0.01109	-0.128	0.011	-0.121	daily
20190419	-107.288	0.58310	-0.32751	0.00316	0.00440	0.01257	-0.071	0.006	-0.068	daily
20190420	-107.356	0.58382	-0.32478	0.00268	0.00380	0.01021	-0.133	0.028	-0.096	daily
20190421	-107.692	0.58745	-0.31855	0.00289	0.00400	0.01103	-0.066	-0.006	-0.046	daily
20190422	-107.309	0.58295	-0.28761	0.00322	0.00466	0.01255	-0.105	-0.060	-0.049	daily
20190423	-107.102	0.58152	-0.32332	0.00288	0.00400	0.01136	-0.078	-0.011	-0.090	daily
20190424	-107.647	0.58246	-0.29700	0.00298	0.00380	0.01210	-0.082	-0.047	0.003	daily
20190425	-107.250	0.58218	-0.31242	0.00262	0.00351	0.00986	-0.039	-0.019	0.010	daily
20190426	-107.192	0.58609	-0.32414	0.00299	0.00387	0.01184	-0.067	-0.035	0.009	daily
20190427	-107.328	0.58643	-0.31622	0.00237	0.00361	0.00925	-0.106	-0.050	-0.002	daily
20190428	-107.141	0.59038	-0.30381	0.00255	0.00337	0.00996	-0.046	0.008	-0.041	daily
20190429	-107.819	0.58709	-0.30904	0.00263	0.00371	0.01001	-0.040	-0.095	-0.078	daily
20190430	-107.271	0.58339	-0.31415	0.00262	0.00389	0.00957	-0.059	-0.005	-0.146	daily
20190501	-107.402	0.58606	-0.31848	0.00268	0.00443	0.01066	-0.142	0.091	-0.079	daily
20190502	-107.437	0.58139	-0.31910	0.00263	0.00381	0.01007	-0.095	-0.046	-0.041	daily
20190503	-107.640	0.58532	-0.31603	0.00256	0.00354	0.00991	-0.063	-0.015	-0.057	daily
20190504	-106.881	0.59549	-0.32775	0.00266	0.00381	0.01068	-0.071	-0.010	-0.065	daily
20190505	-107.647	0.58402	-0.30834	0.00269	0.00362	0.01063	-0.056	-0.002	-0.064	daily
20190506	-107.792	0.58691	-0.30605	0.00273	0.00382	0.01058	-0.078	-0.053	-0.056	daily
20190507	-107.552	0.58679	-0.32840	0.00293	0.00387	0.01115	-0.043	-0.035	-0.048	daily
20190508	-107.483	0.58673	-0.31792	0.00282	0.00369	0.01036	-0.066	-0.009	-0.057	daily
20190509	-107.556	0.58667	-0.31282	0.00290	0.00393	0.01122	-0.067	0.037	-0.041	daily
20190510	-107.312	0.58300	-0.30461	0.00256	0.00401	0.00938	-0.086	-0.072	-0.035	daily
20190511	-107.487	0.58862	-0.31396	0.00245	0.00322	0.00961	-0.050	-0.055	-0.062	daily
20190512	-107.533	0.58521	-0.30957	0.00251	0.00376	0.00971	-0.088	-0.052	-0.085	daily
20190513	-107.581	0.59057	-0.31288	0.00273	0.00384	0.01057	-0.062	-0.017	-0.077	daily
20190514	-107.151	0.58605	-0.33239	0.00323	0.00432	0.01300	-0.060	-0.013	-0.031	daily
20190515	-107.734	0.58920	-0.31873	0.00230	0.00345	0.00842	-0.076	-0.075	-0.023	daily
20190516	-107.584	0.58689	-0.32693	0.00313	0.00418	0.01265	-0.058	0.005	-0.060	daily
20190517	-107.662	0.58470	-0.31323	0.00303	0.00409	0.01184	-0.066	0.027	-0.086	daily
20190518	-107.547	0.58890	-0.32034	0.00281	0.00372	0.01070	-0.066	0.025	-0.072	daily
20190519	-107.346	0.58681	-0.32407	0.00255	0.00348	0.00921	-0.011	0.036	-0.094	daily
20190520	-107.826	0.58551	-0.33106	0.00331	0.00478	0.01372	-0.022	0.010	-0.097	daily
20190521	-107.575	0.59039	-0.31197	0.00279	0.00410	0.01111	-0.063	0.003	-0.096	daily
20190522	-107.528	0.58515	-0.32349	0.00246	0.00404	0.00944	-0.053	0.002	-0.071	daily
20190523	-107.422	0.58961	-0.32005	0.00270	0.00357	0.01040	-0.072	0.004	-0.097	daily
20190524	-107.589	0.58774	-0.31572	0.00318	0.00437	0.01324	-0.083	0.022	-0.102	daily
20190525	-107.313	0.59126	-0.32790	0.00300	0.00396	0.01228	-0.044	0.039	-0.063	daily
20190526	-107.347	0.59198	-0.32057	0.00314	0.00399	0.01246	0.011	0.067	-0.081	daily
20190527	-107.385	0.58828	-0.30987	0.00256	0.00356	0.00934	-0.075	-0.013	-0.085	daily
20190528	-107.361	0.58751	-0.30654	0.00260	0.00336	0.00998	-0.026	-0.010	-0.088	daily
20190529	-107.411	0.58746	-0.31495	0.00282	0.00371	0.01144	-0.026	0.031	-0.044	daily
20190530	-107.424	0.58695	-0.31120	0.00254	0.00337	0.00985	-0.044	0.011	-0.062	daily
20190531	-107.173	0.58701	-0.32368	0.00374	0.00509	0.01646	0.006	0.018	-0.068	daily
20190602	-107.239	0.59070	-0.32770	0.00325	0.00439	0.01296	-0.043	0.055	-0.052	daily
20190603	-107.504	0.59111	-0.31865	0.00299	0.00372	0.01158	-0.056	0.019	-0.097	daily
20190604	-107.382	0.59033	-0.31876	0.00237	0.00293	0.00820	-0.026	-0.091	-0.067	daily
20190605	-107.503	0.59047	-0.31322	0.00277	0.00371	0.01078	-0.024	-0.014	-0.067	daily
20190606	-107.618	0.58763	-0.32289	0.00268	0.00408	0.01028	-0.103	-0.090	-0.039	daily
20190607	-107.649	0.58759	-0.31699	0.00286	0.00390	0.01104	0.001	-0.128	-0.107	daily
20190608	-107.223	0.58894	-0.31924	0.00290	0.00393	0.01153	-0.026	0.022	-0.096	daily
20190609	-107.364	0.58885	-0.32056	0.00256	0.00347	0.00945	-0.014	-0.063	-0.123	daily
20190610	-107.415	0.58924	-0.31617	0.00264	0.00332	0.00978	-0.028	0.012	-0.079	daily
20190611	-107.582	0.58906	-0.31497	0.00243	0.00338	0.00828	0.002	-0.024	-0.113	daily
20190612	-107.587	0.58808	-0.31281	0.00258	0.00340	0.00999	-0.031	-0.012	-0.068	daily
20190613	-107.727	0.58981	-0.32349	0.00292	0.00376	0.01135	-0.002	-0.018	-0.068	daily
20190614	-107.331	0.59060	-0.32443	0.00265	0.00345	0.01040	-0.015	-0.075	-0.039	daily
20190615	-107.709	0.58882	-0.32418	0.00251	0.00324	0.00977	-0.031	0.005	-0.081	daily
20190616	-107.725	0.58963	-0.32602	0.00245	0.00362	0.00921	-0.100	-0.073	-0.012	daily
20190617	-107.802	0.59060	-0.32945	0.00246	0.00323	0.00898	0.010	-0.041	-0.097	daily
20190618	-107.423	0.59008	-0.32387	0.00247	0.00326	0.00890	-0.006	0.001	-0.094	daily
20190619	-107.690	0.59547	-0.32280	0.00262	0.00356	0.01003	-0.022	-0.031	-0.104	daily
20190620	-107.435	0.59111	-0.32753	0.00256	0.00368	0.00978	-0.083	-0.050	0.020	daily
20190621	-107.863	0.59052	-0.31448	0.00257	0.00330	0.00992	-0.073	-0.034	-0.026	daily
20190622	-107.444	0.58877	-0.33616	0.00340	0.00459	0.01428	-0.002	0.030	-0.018	daily
20190623	-107.754	0.59605	-0.32175	0.00294	0.00404	0.01226	-0.065	0.049	-0.056	daily
20190624	-107.324	0.58968	-0.33011	0.00305	0.00406	0.01251	-0.062	0.000	-0.108	daily
20190625	-107.796	0.59317	-0.32702	0.00290	0.00403	0.01163	-0.113	-0.032	-0.038	daily
20190626	-107.738	0.59198	-0.32861	0.00286	0.00373	0.01135	-0.062	-0.048	-0.080	daily
20190627	-107.361	0.59273	-0.32157	0.00281	0.00369	0.01106	-0.077	-0.000	-0.040	daily
20190628	-107.430	0.59782	-0.32607	0.00286	0.00375	0.01151	-0.049	-0.058	-0.034	daily
20190629	-107.666	0.59245	-0.31870	0.00274	0.00363	0.01052	-0.050	0.003	-0.063	daily
20190630	-107.726	0.59273	-0.31907	0.00265	0.00379	0.01054	-0.033	-0.025	-0.023	daily
20190701	-107.620	0.59398	-0.31090	0.00269	0.00370	0.01043	-0.006	0.019	-0.029	daily
20190702	-107.672	0.59151	-0.31901	0.00263	0.00361	0.01046	-0.033	0.021	-0.066	daily
20190703	-107.947	0.58971	-0.32020	0.00255	0.00417	0.00982	-0.048	-0.028	-0.066	daily
20190704	-107.575	0.59207	-0.32502	0.00264	0.00368	0.01022	-0.047	-0.019	-0.057	daily
20190705	-107.835	0.59749	-0.32055	0.00284	0.00391	0.01132	-0.049	-0.020	-0.079	daily
20190706	-107.282	0.59268	-0.31895	0.00326	0.00441	0.01335	-0.022	-0.029	-0.043	daily
20190707	-107.348	0.59397	-0.32022	0.00265	0.00377	0.00994	-0.102	0.003	-0.098	daily
20190708	-107.743	0.59447	-0.32548	0.00261	0.00361	0.01024	-0.047	0.010	-0.091	daily
20190709	-107.580	0.59296	-0.32718	0.00249	0.00335	0.00953	-0.067	-0.002	-0.110	daily
20190710	-107.368	0.59284	-0.32032	0.00250	0.00371	0.00985	-0.072	0.036	-0.188	daily
20190711	-107.829	0.59560	-0.32585	0.00216	0.00304	0.00827	-0.046	-0.015	-0.143	daily
20190712	-107.703	0.59533	-0.32173	0.00265	0.00368	0.00977	-0.031	-0.062	-0.110	daily
20190713	-107.922	0.59041	-0.31921	0.00262	0.00368	0.01045	-0.076	-0.063	-0.036	daily
20190714	-107.707	0.59578	-0.33036	0.00264	0.00353	0.01053	-0.063	-0.020	-0.055	daily
20190715	-107.575	0.59610	-0.31243	0.00255	0.00349	0.01016	-0.016	0.022	-0.026	daily
20190716	-107.364	0.59121	-0.32053	0.00255	0.00350	0.01028	-0.069	0.024	-0.078	daily
20190717	-107.514	0.59502	-0.31572	0.00257	0.00336	0.00974	-0.065	-0.002	-0.037	daily
20190718	-107.453	0.59733	-0.32141	0.00275	0.00368	0.01129	0.005	0.012	-0.084	daily
20190719	-107.757	0.59929	-0.32748	0.00272	0.00418	0.01069	-0.104	-0.103	-0.092	daily
20190720	-107.724	0.59501	-0.32093	0.00277	0.00400	0.01165	-0.039	-0.018	-0.049	daily
20190721	-107.936	0.59612	-0.32756	0.00272	0.00372	0.01131	-0.056	-0.040	-0.084	daily
20190722	-107.698	0.59617	-0.32133	0.00271	0.00383	0.01129	-0.064	-0.013	-0.129	daily
20190723	-107.577	0.59514	-0.31609	0.00287	0.00400	0.01179	-0.059	0.011	-0.101	daily
20190724	-107.633	0.59631	-0.32588	0.00262	0.00401	0.01071	-0.075	-0.004	-0.062	daily
20190725	-107.847	0.59566	-0.32399	0.00249	0.00360	0.00987	-0.036	-0.038	-0.123	daily
20190726	-107.623	0.59684	-0.32019	0.00241	0.00351	0.00959	0.072	-0.127	-0.213	daily
20190727	-107.715	0.59759	-0.32814	0.00243	0.00323	0.00893	-0.012	-0.042	-0.086	daily
20190728	-107.441	0.59685	-0.33306	0.00300	0.00406	0.01304	-0.068	-0.029	-0.095	daily
20190729	-107.708	0.59477	-0.33030	0.00264	0.00379	0.01065	-0.064	-0.023	-0.130	daily
20190730	-107.630	0.59678	-0.32385	0.00249	0.00344	0.00916	-0.049	-0.032	-0.096	daily
20190731	-107.382	0.59345	-0.31999	0.00263	0.00383	0.01054	-0.074	-0.023	-0.088	daily
20190801	-107.688	0.60063	-0.32677	0.00240	0.00346	0.00961	0.033	-0.083	-0.098	daily
20190802	-107.491	0.59959	-0.32577	0.00271	0.00410	0.01078	-0.099	-0.009	-0.203	daily
20190803	-107.860	0.59488	-0.31943	0.00281	0.00355	0.01097	-0.045	0.015	-0.036	daily
20190804	-107.745	0.59547	-0.32499	0.00269	0.00405	0.01046	-0.058	-0.038	-0.149	daily
20190805	-107.528	0.59405	-0.31878	0.00263	0.00404	0.01010	-0.096	-0.064	-0.076	daily
20190806	-107.719	0.59606	-0.32421	0.00271	0.00410	0.01043	-0.073	-0.009	-0.056	daily
20190807	-107.771	0.59607	-0.32157	0.00278	0.00372	0.01095	-0.048	-0.046	-0.111	daily
20190808	-107.430	0.59531	-0.32444	0.00310	0.00442	0.01293	-0.096	0.006	-0.130	daily
20190810	-107.561	0.59668	-0.31590	0.00228	0.00314	0.00862	-0.027	0.002	-0.093	daily
20190811	-107.846	0.59836	-0.31436	0.00267	0.00386	0.00991	-0.069	-0.008	-0.081	daily
20190812	-107.838	0.60324	-0.32097	0.00293	0.00381	0.01231	-0.060	-0.012	-0.048	daily
20190813	-107.676	0.60046	-0.31932	0.00279	0.00362	0.01151	-0.068	0.000	-0.079	daily
20190814	-107.780	0.60084	-0.32175	0.00262	0.00350	0.01057	-0.033	0.016	-0.073	daily
20190815	-107.828	0.59862	-0.32238	0.00282	0.00364	0.01137	-0.087	-0.002	-0.086	daily
20190816	-108.280	0.59596	-0.30885	0.00301	0.00432	0.01234	-0.064	-0.024	-0.070	daily
20190817	-107.514	0.59528	-0.33015	0.00292	0.00391	0.01222	-0.081	-0.022	-0.129	daily
20190818	-107.663	0.59777	-0.31909	0.00239	0.00358	0.00955	-0.050	0.042	-0.095	daily
20190819	-107.589	0.60248	-0.32380	0.00284	0.00394	0.01192	-0.030	-0.003	-0.039	daily
20190820	-107.784	0.59732	-0.32009	0.00256	0.00357	0.00971	0.007	-0.061	-0.143	daily
20190821	-107.775	0.59799	-0.32124	0.00236	0.00354	0.00907	-0.010	0.004	-0.052	daily
20190822	-107.714	0.60097	-0.31685	0.00300	0.00393	0.01259	-0.082	0.009	-0.084	daily
20190823	-107.667	0.59738	-0.31751	0.00256	0.00352	0.01005	-0.057	-0.012	-0.120	daily
20190824	-107.561	0.59884	-0.32908	0.00269	0.00350	0.01055	-0.076	-0.003	-0.061	daily
20190825	-107.148	0.59875	-0.33885	0.00342	0.00476	0.01428	-0.039	0.037	-0.056	daily
20190826	-107.628	0.60217	-0.33189	0.00288	0.00387	0.01166	-0.090	0.029	-0.123	daily
20190827	-107.448	0.59345	-0.32191	0.00251	0.00395	0.00997	-0.091	0.004	-0.080	daily
20190828	-107.768	0.60041	-0.31852	0.00366	0.00490	0.01598	-0.006	-0.019	-0.065	daily
20190829	-107.413	0.59844	-0.31723	0.00317	0.00436	0.01367	-0.053	0.037	-0.081	daily
20190830	-107.679	0.59906	-0.32272	0.00245	0.00378	0.00978	-0.051	-0.011	-0.130	daily
20190831	-107.701	0.59792	-0.31809	0.00250	0.00350	0.00903	0.053	-0.013	-0.063	daily
20190901	-107.802	0.60089	-0.32346	0.00323	0.00434	0.01376	-0.064	0.030	-0.067	daily
20190902	-107.460	0.60007	-0.30895	0.00334	0.00434	0.01369	-0.050	0.098	-0.094	daily
20190903	-107.705	0.60025	-0.31280	0.00252	0.00342	0.00981	-0.073	0.010	-0.070	daily
20190904	-107.485	0.60170	-0.32030	0.00261	0.00344	0.01045	-0.037	0.048	-0.041	daily
20190905	-107.476	0.60000	-0.31771	0.00268	0.00390	0.01037	0.008	0.055	-0.120	daily
20190906	-107.400	0.59843	-0.31093	0.00270	0.00384	0.01078	-0.058	0.061	-0.073	daily
20190907	-107.796	0.60216	-0.32154	0.00280	0.00380	0.01157	0.011	0.050	-0.045	daily
